0
30
-1
23
1111111111111111111111111111111
1111111111111111111111111111111
1111111111111111111111111111111
1111111111111111111111111111111
1111111111111111111111111111111
1111111111111111111111111111111
1111111111111111111111111111111
1111111111111111111111111111111
1111111111111111111111111111111
1131111111111111111111111111111
1101111111111111111111111111111
1101111111111111111111111111111
1101111111111111111111111111111
1101111111111111111111111111111
1101111111111111111111111111111
1101111111111111111111111111111
1101111111111111111111111111111
1101111111111111111111111111111
1000111111111111111111111111111
1000111111111111111111111111111
1000111111111111111111111111111
1200111111111111111111111111111
1111111111111111111111111111111
1111111111111111111111111111111
1111111111111111111111111111111
