0
30
-1
23
1111111111111111111111111111111
1111111111111111111111111111111
1111111111111111111111111111111
1111111111111111111111111111111
1111111111111111111111111111111
1111111111111111111111111111111
1111111111111111111111111111111
1111111111111111111111111111111
1111111111111111111111111111111
1111111111111111111111111111111
1111111111111111111111111111111
1111111111111111111111111111111
1111111111111111111111111111111
1111111111111111111111111111111
1111111111111111111111111111111
1111111111111111111111111111111
1111111111111111111111111111111
1111111111111111111111111111111
1111111111111111111111111111111
1000111111100111111111111111111
1040000000043111111111111111111
1200111111100111111111111111111
1111111111111111111111111111111
1111111111111111111111111111111
1111111111111111111111111111111
