0
30
-1
23
1111111111111111111111111111111
1111111111111111111111111111111
1111111111111111111111111111111
1111111111111111111111111111111
1111111111111111111111111111111
1111111111111111111111111111111
1111111111111111111111111111111
1111111111111111111111111111111
1111111111111111111111111111111
1003111111111111111111111111111
1000111111111111111111111111111
1000111111111111111111111111111
1101111111111111111111111111111
1101111111111111111111111111111
1101111111111111111111111111111
1101111111111111111111111111111
1101111111111111111111111111111
1101111111111111111111111111111
1101111111111111111111111111111
1000111111111111111111111111111
1040111111111111111111111111111
1200111111111111111111111111111
1111111111111111111111111111111
1111111111111111111111111111111
1111111111111111111111111111111
